NETSIM

10

0	0.362291	0.441396
1	0.156279	0.341383
2	0.699696	0.045577
3	0.714313	0.171668
4	0.378966	0.495494
5	0.961942	0.444337
6	0.726886	0.575888
7	0.168639	0.406223
8	0.875627	0.061439
9	0.540054	0.317061

5	7	54000000.000000		6	99000000.000000	1	69000000.000000	4	30000000.000000	2	78000000.000000	
3	4	40500000.000000		7	33000000.000000	0	69000000.000000	
4	6	33000000.000000		8	30000000.000000	3	58500000.000000	0	78000000.000000	
5	6	72000000.000000		8	84000000.000000	5	51000000.000000	9	82500000.000000	2	58500000.000000	
4	1	40500000.000000		9	25500000.000000	7	81000000.000000	0	30000000.000000	
3	9	39000000.000000		6	39000000.000000	3	51000000.000000	
6	9	27000000.000000		2	33000000.000000	3	72000000.000000	8	18000000.000000	5	39000000.000000	0	99000000.000000	
3	0	54000000.000000		1	33000000.000000	4	81000000.000000	
3	6	18000000.000000		3	84000000.000000	2	30000000.000000	
4	5	39000000.000000		6	27000000.000000	4	25500000.000000	3	82500000.000000	

1